26 (23).jpg:2
27 (15).jpg:2
27 (23).jpg:2
26 (19).jpg:2
26 (20).jpg:2
27 (19).jpg:2
26 (24).jpg:2
26 (28).jpg:2
27 (17).jpg:2
26 (21).jpg:2
26 (26).jpg:2
27 (18).jpg:2
27 (22).jpg:2
27 (24).jpg:2
27 (26).jpg:2
26 (25).jpg:2
26.jpg:2
27 (14).jpg:2
27 (12).jpg:2
27 (13).jpg:2
27 (21).jpg:2
27 (25).jpg:2
27 (20).jpg:2
27 (10).jpg:2
27 (16).jpg:2
27 (11).jpg:2
26 (22).jpg:2
27 (2).jpg:2
26 (27).jpg:2
28 (16).jpg:2
30 (14).jpg:2
28 (8).jpg:2
28 (19).jpg:2
29 (17).jpg:2
30 (13).jpg:2
28 (17).jpg:2
29 (7).jpg:2
29 (6).jpg:2
29 (11).jpg:2
29 (21).jpg:2
28 (12).jpg:2
28 (9).jpg:2
29 (15).jpg:2
27 (9).jpg:2
29 (10).jpg:2
27 (3).jpg:2
28 (25).jpg:2
29 (22).jpg:2
28 (7).jpg:2
28 (13).jpg:2
28 (3).jpg:2
28.jpg:2
28 (18).jpg:2
27 (6).jpg:2
27 (4).jpg:2
28 (27).jpg:2
27 (28).jpg:2
28 (4).jpg:2
28 (5).jpg:2
28 (22).jpg:2
29 (4).jpg:2
29 (13).jpg:2
29.jpg:2
29 (5).jpg:2
29 (8).jpg:2
28 (6).jpg:2
29 (2).jpg:2
28 (26).jpg:2
28 (10).jpg:2
30 (11).jpg:2
28 (15).jpg:2
29 (25).jpg:2
29 (3).jpg:2
29 (27).jpg:2
29 (23).jpg:2
30 (12).jpg:2
28 (21).jpg:2
29 (26).jpg:2
29 (14).jpg:2
28 (11).jpg:2
29 (24).jpg:2
28 (24).jpg:2
27.jpg:2
29 (28).jpg:2
29 (16).jpg:2
28 (20).jpg:2
29 (19).jpg:2
27 (8).jpg:2
29 (9).jpg:2
30 (10).jpg:2
28 (2).jpg:2
27 (27).jpg:2
29 (18).jpg:2
29 (12).jpg:2
30 (15).jpg:2
28 (14).jpg:2
29 (20).jpg:2
28 (23).jpg:2
28 (28).jpg:2
27 (5).jpg:2
27 (7).jpg:2
31 (4).jpg:2
30 (27).jpg:2
31 (13).jpg:2
32 (20).jpg:2
32 (4).jpg:2
31 (17).jpg:2
32 (18).jpg:2
32 (14).jpg:2
32.jpg:2
32 (10).jpg:2
30 (4).jpg:2
32 (11).jpg:2
30 (7).jpg:2
30 (6).jpg:2
31 (2).jpg:2
32 (13).jpg:2
30 (20).jpg:2
31 (8).jpg:2
31 (26).jpg:2
30 (22).jpg:2
31 (24).jpg:2
31 (3).jpg:2
31 (25).jpg:2
32 (27).jpg:2
31 (27).jpg:2
31 (23).jpg:2
32 (19).jpg:2
31 (16).jpg:2
31 (14).jpg:2
31 (20).jpg:2
32 (12).jpg:2
31 (19).jpg:2
32 (5).jpg:2
31 (21).jpg:2
31 (12).jpg:2
31 (22).jpg:2
32 (6).jpg:2
32 (26).jpg:2
32 (22).jpg:2
30 (5).jpg:2
30 (28).jpg:2
32 (2).jpg:2
32 (15).jpg:2
30 (2).jpg:2
31 (9).jpg:2
31 (5).jpg:2
31 (6).jpg:2
32 (21).jpg:2
30 (25).jpg:2
32 (17).jpg:2
30 (8).jpg:2
32 (7).jpg:2
31 (11).jpg:2
30 (21).jpg:2
32 (9).jpg:2
32 (8).jpg:2
32 (16).jpg:2
30 (26).jpg:2
30 (18).jpg:2
30 (9).jpg:2
30 (23).jpg:2
32 (3).jpg:2
31 (7).jpg:2
32 (25).jpg:2
30 (19).jpg:2
31.jpg:2
32 (24).jpg:2
30 (16).jpg:2
31 (10).jpg:2
31 (15).jpg:2
30.jpg:2
30 (17).jpg:2
32 (28).jpg:2
32 (23).jpg:2
30 (24).jpg:2
30 (3).jpg:2
31 (18).jpg:2
31 (28).jpg:2
[2, 2, 2, 2, 2, 2, 2, 2, 2, 2, 2, 2, 2, 2, 2, 2, 2, 2, 2, 2, 2, 2, 2, 2, 2, 2, 2, 2, 2, 2, 2, 2, 2, 2, 2, 2, 2, 2, 2, 2, 2, 2, 2, 2, 2, 2, 2, 2, 2, 2, 2, 2, 2, 2, 2, 2, 2, 2, 2, 2, 2, 2, 2, 2, 2, 2, 2, 2, 2, 2, 2, 2, 2, 2, 2, 2, 2, 2, 2, 2, 2, 2, 2, 2, 2, 2, 2, 2, 2, 2, 2, 2, 2, 2, 2, 2, 2, 2, 2, 2, 2, 2, 2, 2, 2, 2, 2, 2, 2, 2, 2, 2, 2, 2, 2, 2, 2, 2, 2, 2, 2, 2, 2, 2, 2, 2, 2, 2, 2, 2, 2, 2, 2, 2, 2, 2, 2, 2, 2, 2, 2, 2, 2, 2, 2, 2, 2, 2, 2, 2, 2, 2, 2, 2, 2, 2, 2, 2, 2, 2, 2, 2, 2, 2, 2, 2, 2, 2, 2, 2, 2, 2, 2, 2, 2, 2, 2, 2, 2]
